2222222222222222222222222
2111111111111111111111112
2444440000000000000444442
2444400000000000000044442
2444000000000000000004442
2443000000000000000000442
2400000000000000000000042
2000000000000000000030002
2000000000000000000000002
2000000000000000000000002
2000000000000000000000002
2000000000000000000000002
2000000000000000000000002
2000000000000000000000002
2400000000000000000000042
2440000000000000000000442
2444000000000003000004442
2444400000000000000044442
2444440000000000000444442
2222222222222222222222222
